%YAML 1.1
%TAG !u! tag:unity3d.com,2011:
--- !u!29 &1
OcclusionCullingSettings:
  m_ObjectHideFlags: 0
  serializedVersion: 2
  m_OcclusionBakeSettings:
    smallestOccluder: 5
    smallestHole: 0.25
    backfaceThreshold: 100
  m_SceneGUID: 00000000000000000000000000000000
  m_OcclusionCullingData: {fileID: 0}
--- !u!104 &2
RenderSettings:
  m_ObjectHideFlags: 0
  serializedVersion: 9
  m_Fog: 0
  m_FogColor: {r: 0.5, g: 0.5, b: 0.5, a: 1}
  m_FogMode: 3
  m_FogDensity: 0.01
  m_LinearFogStart: 0
  m_LinearFogEnd: 300
  m_AmbientSkyColor: {r: 0.212, g: 0.227, b: 0.259, a: 1}
  m_AmbientEquatorColor: {r: 0.114, g: 0.125, b: 0.133, a: 1}
  m_AmbientGroundColor: {r: 0.047, g: 0.043, b: 0.035, a: 1}
  m_AmbientIntensity: 1
  m_AmbientMode: 0
  m_SubtractiveShadowColor: {r: 0.42, g: 0.478, b: 0.627, a: 1}
  m_SkyboxMaterial: {fileID: 0}
  m_HaloStrength: 0.5
  m_FlareStrength: 1
  m_FlareFadeSpeed: 3
  m_HaloTexture: {fileID: 0}
  m_SpotCookie: {fileID: 10001, guid: 0000000000000000e000000000000000, type: 0}
  m_DefaultReflectionMode: 0
  m_DefaultReflectionResolution: 128
  m_ReflectionBounces: 1
  m_ReflectionIntensity: 1
  m_CustomReflection: {fileID: 0}
  m_Sun: {fileID: 0}
  m_IndirectSpecularColor: {r: 0, g: 0, b: 0, a: 1}
  m_UseRadianceAmbientProbe: 0
--- !u!157 &3
LightmapSettings:
  m_ObjectHideFlags: 0
  serializedVersion: 12
  m_GIWorkflowMode: 1
  m_GISettings:
    serializedVersion: 2
    m_BounceScale: 1
    m_IndirectOutputScale: 1
    m_AlbedoBoost: 1
    m_EnvironmentLightingMode: 0
    m_EnableBakedLightmaps: 1
    m_EnableRealtimeLightmaps: 0
  m_LightmapEditorSettings:
    serializedVersion: 12
    m_Resolution: 2
    m_BakeResolution: 40
    m_AtlasSize: 1024
    m_AO: 0
    m_AOMaxDistance: 1
    m_CompAOExponent: 1
    m_CompAOExponentDirect: 0
    m_ExtractAmbientOcclusion: 0
    m_Padding: 2
    m_LightmapParameters: {fileID: 0}
    m_LightmapsBakeMode: 1
    m_TextureCompression: 1
    m_FinalGather: 0
    m_FinalGatherFiltering: 1
    m_FinalGatherRayCount: 256
    m_ReflectionCompression: 2
    m_MixedBakeMode: 2
    m_BakeBackend: 1
    m_PVRSampling: 1
    m_PVRDirectSampleCount: 32
    m_PVRSampleCount: 512
    m_PVRBounces: 2
    m_PVREnvironmentSampleCount: 256
    m_PVREnvironmentReferencePointCount: 2048
    m_PVRFilteringMode: 1
    m_PVRDenoiserTypeDirect: 1
    m_PVRDenoiserTypeIndirect: 1
    m_PVRDenoiserTypeAO: 1
    m_PVRFilterTypeDirect: 0
    m_PVRFilterTypeIndirect: 0
    m_PVRFilterTypeAO: 0
    m_PVREnvironmentMIS: 1
    m_PVRCulling: 1
    m_PVRFilteringGaussRadiusDirect: 1
    m_PVRFilteringGaussRadiusIndirect: 5
    m_PVRFilteringGaussRadiusAO: 2
    m_PVRFilteringAtrousPositionSigmaDirect: 0.5
    m_PVRFilteringAtrousPositionSigmaIndirect: 2
    m_PVRFilteringAtrousPositionSigmaAO: 1
    m_ExportTrainingData: 0
    m_TrainingDataDestination: TrainingData
    m_LightProbeSampleCountMultiplier: 4
  m_LightingDataAsset: {fileID: 112000000, guid: 03e2a02599e878548b324a3be7a8065d, type: 2}
  m_LightingSettings: {fileID: 4890085278179872738, guid: 6bb462d447a384e49954692438617375, type: 2}
--- !u!196 &4
NavMeshSettings:
  serializedVersion: 2
  m_ObjectHideFlags: 0
  m_BuildSettings:
    serializedVersion: 2
    agentTypeID: 0
    agentRadius: 0.5
    agentHeight: 2
    agentSlope: 45
    agentClimb: 0.4
    ledgeDropHeight: 0
    maxJumpAcrossDistance: 0
    minRegionArea: 2
    manualCellSize: 0
    cellSize: 0.16666667
    manualTileSize: 0
    tileSize: 256
    accuratePlacement: 0
    maxJobWorkers: 0
    preserveTilesOutsideBounds: 0
    debug:
      m_Flags: 0
  m_NavMeshData: {fileID: 0}
--- !u!1 &354849519
GameObject:
  m_ObjectHideFlags: 0
  m_CorrespondingSourceObject: {fileID: 0}
  m_PrefabInstance: {fileID: 0}
  m_PrefabAsset: {fileID: 0}
  serializedVersion: 6
  m_Component:
  - component: {fileID: 354849520}
  - component: {fileID: 354849524}
  - component: {fileID: 354849523}
  - component: {fileID: 354849522}
  - component: {fileID: 354849521}
  m_Layer: 0
  m_Name: MarchedCube
  m_TagString: Untagged
  m_Icon: {fileID: 0}
  m_NavMeshLayer: 0
  m_StaticEditorFlags: 0
  m_IsActive: 1
--- !u!4 &354849520
Transform:
  m_ObjectHideFlags: 0
  m_CorrespondingSourceObject: {fileID: 0}
  m_PrefabInstance: {fileID: 0}
  m_PrefabAsset: {fileID: 0}
  m_GameObject: {fileID: 354849519}
  m_LocalRotation: {x: 0, y: 0, z: 0, w: 1}
  m_LocalPosition: {x: 0, y: 0, z: 0}
  m_LocalScale: {x: 1, y: 1, z: 1}
  m_Children: []
  m_Father: {fileID: 0}
  m_RootOrder: 3
  m_LocalEulerAnglesHint: {x: 0, y: 0, z: 0}
--- !u!114 &354849521
MonoBehaviour:
  m_ObjectHideFlags: 0
  m_CorrespondingSourceObject: {fileID: 0}
  m_PrefabInstance: {fileID: 0}
  m_PrefabAsset: {fileID: 0}
  m_GameObject: {fileID: 354849519}
  m_Enabled: 1
  m_EditorHideFlags: 0
  m_Script: {fileID: 11500000, guid: bfc6c676c1494c144a9e3d6c52d8f8ca, type: 3}
  m_Name: 
  m_EditorClassIdentifier: 
  material: {fileID: 2100000, guid: e206d058c8247114a9ac6f2624e4e360, type: 2}
  cellCorners:
  - {x: -1, y: -1, z: -1, w: 1.7320508}
  - {x: -0.6, y: -1, z: -1, w: 1.5362291}
  - {x: -0.19999999, y: -1, z: -1, w: 1.4282857}
  - {x: 0.20000005, y: -1, z: -1, w: 1.4282857}
  - {x: 0.6, y: -1, z: -1, w: 1.5362291}
  - {x: 1, y: -1, z: -1, w: 1.7320508}
  - {x: -1, y: -1, z: -0.6, w: 1.5362291}
  - {x: -0.6, y: -1, z: -0.6, w: 1.3114877}
  - {x: -0.19999999, y: -1, z: -0.6, w: 1.183216}
  - {x: 0.20000005, y: -1, z: -0.6, w: 1.183216}
  - {x: 0.6, y: -1, z: -0.6, w: 1.3114877}
  - {x: 1, y: -1, z: -0.6, w: 1.5362291}
  - {x: -1, y: -1, z: -0.19999999, w: 1.4282857}
  - {x: -0.6, y: -1, z: -0.19999999, w: 1.183216}
  - {x: -0.19999999, y: -1, z: -0.19999999, w: 1.0392305}
  - {x: 0.20000005, y: -1, z: -0.19999999, w: 1.0392305}
  - {x: 0.6, y: -1, z: -0.19999999, w: 1.183216}
  - {x: 1, y: -1, z: -0.19999999, w: 1.4282857}
  - {x: -1, y: -1, z: 0.20000005, w: 1.4282857}
  - {x: -0.6, y: -1, z: 0.20000005, w: 1.183216}
  - {x: -0.19999999, y: -1, z: 0.20000005, w: 1.0392305}
  - {x: 0.20000005, y: -1, z: 0.20000005, w: 1.0392305}
  - {x: 0.6, y: -1, z: 0.20000005, w: 1.183216}
  - {x: 1, y: -1, z: 0.20000005, w: 1.4282857}
  - {x: -1, y: -1, z: 0.6, w: 1.5362291}
  - {x: -0.6, y: -1, z: 0.6, w: 1.3114877}
  - {x: -0.19999999, y: -1, z: 0.6, w: 1.183216}
  - {x: 0.20000005, y: -1, z: 0.6, w: 1.183216}
  - {x: 0.6, y: -1, z: 0.6, w: 1.3114877}
  - {x: 1, y: -1, z: 0.6, w: 1.5362291}
  - {x: -1, y: -1, z: 1, w: 1.7320508}
  - {x: -0.6, y: -1, z: 1, w: 1.5362291}
  - {x: -0.19999999, y: -1, z: 1, w: 1.4282857}
  - {x: 0.20000005, y: -1, z: 1, w: 1.4282857}
  - {x: 0.6, y: -1, z: 1, w: 1.5362291}
  - {x: 1, y: -1, z: 1, w: 1.7320508}
  - {x: -1, y: -0.6, z: -1, w: 1.5362291}
  - {x: -0.6, y: -0.6, z: -1, w: 1.3114877}
  - {x: -0.19999999, y: -0.6, z: -1, w: 1.183216}
  - {x: 0.20000005, y: -0.6, z: -1, w: 1.183216}
  - {x: 0.6, y: -0.6, z: -1, w: 1.3114877}
  - {x: 1, y: -0.6, z: -1, w: 1.5362291}
  - {x: -1, y: -0.6, z: -0.6, w: 1.3114877}
  - {x: -0.6, y: -0.6, z: -0.6, w: 1.0392306}
  - {x: -0.19999999, y: -0.6, z: -0.6, w: 0.8717798}
  - {x: 0.20000005, y: -0.6, z: -0.6, w: 0.87177986}
  - {x: 0.6, y: -0.6, z: -0.6, w: 1.0392306}
  - {x: 1, y: -0.6, z: -0.6, w: 1.3114877}
  - {x: -1, y: -0.6, z: -0.19999999, w: 1.183216}
  - {x: -0.6, y: -0.6, z: -0.19999999, w: 0.8717798}
  - {x: -0.19999999, y: -0.6, z: -0.19999999, w: 0.66332495}
  - {x: 0.20000005, y: -0.6, z: -0.19999999, w: 0.663325}
  - {x: 0.6, y: -0.6, z: -0.19999999, w: 0.8717798}
  - {x: 1, y: -0.6, z: -0.19999999, w: 1.183216}
  - {x: -1, y: -0.6, z: 0.20000005, w: 1.183216}
  - {x: -0.6, y: -0.6, z: 0.20000005, w: 0.87177986}
  - {x: -0.19999999, y: -0.6, z: 0.20000005, w: 0.663325}
  - {x: 0.20000005, y: -0.6, z: 0.20000005, w: 0.663325}
  - {x: 0.6, y: -0.6, z: 0.20000005, w: 0.87177986}
  - {x: 1, y: -0.6, z: 0.20000005, w: 1.183216}
  - {x: -1, y: -0.6, z: 0.6, w: 1.3114877}
  - {x: -0.6, y: -0.6, z: 0.6, w: 1.0392306}
  - {x: -0.19999999, y: -0.6, z: 0.6, w: 0.8717798}
  - {x: 0.20000005, y: -0.6, z: 0.6, w: 0.87177986}
  - {x: 0.6, y: -0.6, z: 0.6, w: 1.0392306}
  - {x: 1, y: -0.6, z: 0.6, w: 1.3114877}
  - {x: -1, y: -0.6, z: 1, w: 1.5362291}
  - {x: -0.6, y: -0.6, z: 1, w: 1.3114877}
  - {x: -0.19999999, y: -0.6, z: 1, w: 1.183216}
  - {x: 0.20000005, y: -0.6, z: 1, w: 1.183216}
  - {x: 0.6, y: -0.6, z: 1, w: 1.3114877}
  - {x: 1, y: -0.6, z: 1, w: 1.5362291}
  - {x: -1, y: -0.19999999, z: -1, w: 1.4282857}
  - {x: -0.6, y: -0.19999999, z: -1, w: 1.183216}
  - {x: -0.19999999, y: -0.19999999, z: -1, w: 1.0392305}
  - {x: 0.20000005, y: -0.19999999, z: -1, w: 1.0392305}
  - {x: 0.6, y: -0.19999999, z: -1, w: 1.183216}
  - {x: 1, y: -0.19999999, z: -1, w: 1.4282857}
  - {x: -1, y: -0.19999999, z: -0.6, w: 1.183216}
  - {x: -0.6, y: -0.19999999, z: -0.6, w: 0.8717798}
  - {x: -0.19999999, y: -0.19999999, z: -0.6, w: 0.66332495}
  - {x: 0.20000005, y: -0.19999999, z: -0.6, w: 0.663325}
  - {x: 0.6, y: -0.19999999, z: -0.6, w: 0.8717798}
  - {x: 1, y: -0.19999999, z: -0.6, w: 1.183216}
  - {x: -1, y: -0.19999999, z: -0.19999999, w: 1.0392305}
  - {x: -0.6, y: -0.19999999, z: -0.19999999, w: 0.66332495}
  - {x: -0.19999999, y: -0.19999999, z: -0.19999999, w: 0.34641016}
  - {x: 0.20000005, y: -0.19999999, z: -0.19999999, w: 0.34641019}
  - {x: 0.6, y: -0.19999999, z: -0.19999999, w: 0.66332495}
  - {x: 1, y: -0.19999999, z: -0.19999999, w: 1.0392305}
  - {x: -1, y: -0.19999999, z: 0.20000005, w: 1.0392305}
  - {x: -0.6, y: -0.19999999, z: 0.20000005, w: 0.663325}
  - {x: -0.19999999, y: -0.19999999, z: 0.20000005, w: 0.34641019}
  - {x: 0.20000005, y: -0.19999999, z: 0.20000005, w: 0.3464102}
  - {x: 0.6, y: -0.19999999, z: 0.20000005, w: 0.663325}
  - {x: 1, y: -0.19999999, z: 0.20000005, w: 1.0392305}
  - {x: -1, y: -0.19999999, z: 0.6, w: 1.183216}
  - {x: -0.6, y: -0.19999999, z: 0.6, w: 0.8717798}
  - {x: -0.19999999, y: -0.19999999, z: 0.6, w: 0.66332495}
  - {x: 0.20000005, y: -0.19999999, z: 0.6, w: 0.663325}
  - {x: 0.6, y: -0.19999999, z: 0.6, w: 0.8717798}
  - {x: 1, y: -0.19999999, z: 0.6, w: 1.183216}
  - {x: -1, y: -0.19999999, z: 1, w: 1.4282857}
  - {x: -0.6, y: -0.19999999, z: 1, w: 1.183216}
  - {x: -0.19999999, y: -0.19999999, z: 1, w: 1.0392305}
  - {x: 0.20000005, y: -0.19999999, z: 1, w: 1.0392305}
  - {x: 0.6, y: -0.19999999, z: 1, w: 1.183216}
  - {x: 1, y: -0.19999999, z: 1, w: 1.4282857}
  - {x: -1, y: 0.20000005, z: -1, w: 1.4282857}
  - {x: -0.6, y: 0.20000005, z: -1, w: 1.183216}
  - {x: -0.19999999, y: 0.20000005, z: -1, w: 1.0392305}
  - {x: 0.20000005, y: 0.20000005, z: -1, w: 1.0392305}
  - {x: 0.6, y: 0.20000005, z: -1, w: 1.183216}
  - {x: 1, y: 0.20000005, z: -1, w: 1.4282857}
  - {x: -1, y: 0.20000005, z: -0.6, w: 1.183216}
  - {x: -0.6, y: 0.20000005, z: -0.6, w: 0.87177986}
  - {x: -0.19999999, y: 0.20000005, z: -0.6, w: 0.663325}
  - {x: 0.20000005, y: 0.20000005, z: -0.6, w: 0.663325}
  - {x: 0.6, y: 0.20000005, z: -0.6, w: 0.87177986}
  - {x: 1, y: 0.20000005, z: -0.6, w: 1.183216}
  - {x: -1, y: 0.20000005, z: -0.19999999, w: 1.0392305}
  - {x: -0.6, y: 0.20000005, z: -0.19999999, w: 0.663325}
  - {x: -0.19999999, y: 0.20000005, z: -0.19999999, w: 0.34641019}
  - {x: 0.20000005, y: 0.20000005, z: -0.19999999, w: 0.3464102}
  - {x: 0.6, y: 0.20000005, z: -0.19999999, w: 0.663325}
  - {x: 1, y: 0.20000005, z: -0.19999999, w: 1.0392305}
  - {x: -1, y: 0.20000005, z: 0.20000005, w: 1.0392305}
  - {x: -0.6, y: 0.20000005, z: 0.20000005, w: 0.663325}
  - {x: -0.19999999, y: 0.20000005, z: 0.20000005, w: 0.3464102}
  - {x: 0.20000005, y: 0.20000005, z: 0.20000005, w: 0.34641024}
  - {x: 0.6, y: 0.20000005, z: 0.20000005, w: 0.663325}
  - {x: 1, y: 0.20000005, z: 0.20000005, w: 1.0392305}
  - {x: -1, y: 0.20000005, z: 0.6, w: 1.183216}
  - {x: -0.6, y: 0.20000005, z: 0.6, w: 0.87177986}
  - {x: -0.19999999, y: 0.20000005, z: 0.6, w: 0.663325}
  - {x: 0.20000005, y: 0.20000005, z: 0.6, w: 0.663325}
  - {x: 0.6, y: 0.20000005, z: 0.6, w: 0.87177986}
  - {x: 1, y: 0.20000005, z: 0.6, w: 1.183216}
  - {x: -1, y: 0.20000005, z: 1, w: 1.4282857}
  - {x: -0.6, y: 0.20000005, z: 1, w: 1.183216}
  - {x: -0.19999999, y: 0.20000005, z: 1, w: 1.0392305}
  - {x: 0.20000005, y: 0.20000005, z: 1, w: 1.0392305}
  - {x: 0.6, y: 0.20000005, z: 1, w: 1.183216}
  - {x: 1, y: 0.20000005, z: 1, w: 1.4282857}
  - {x: -1, y: 0.6, z: -1, w: 1.5362291}
  - {x: -0.6, y: 0.6, z: -1, w: 1.3114877}
  - {x: -0.19999999, y: 0.6, z: -1, w: 1.183216}
  - {x: 0.20000005, y: 0.6, z: -1, w: 1.183216}
  - {x: 0.6, y: 0.6, z: -1, w: 1.3114877}
  - {x: 1, y: 0.6, z: -1, w: 1.5362291}
  - {x: -1, y: 0.6, z: -0.6, w: 1.3114877}
  - {x: -0.6, y: 0.6, z: -0.6, w: 1.0392306}
  - {x: -0.19999999, y: 0.6, z: -0.6, w: 0.8717798}
  - {x: 0.20000005, y: 0.6, z: -0.6, w: 0.87177986}
  - {x: 0.6, y: 0.6, z: -0.6, w: 1.0392306}
  - {x: 1, y: 0.6, z: -0.6, w: 1.3114877}
  - {x: -1, y: 0.6, z: -0.19999999, w: 1.183216}
  - {x: -0.6, y: 0.6, z: -0.19999999, w: 0.8717798}
  - {x: -0.19999999, y: 0.6, z: -0.19999999, w: 0.66332495}
  - {x: 0.20000005, y: 0.6, z: -0.19999999, w: 0.663325}
  - {x: 0.6, y: 0.6, z: -0.19999999, w: 0.8717798}
  - {x: 1, y: 0.6, z: -0.19999999, w: 1.183216}
  - {x: -1, y: 0.6, z: 0.20000005, w: 1.183216}
  - {x: -0.6, y: 0.6, z: 0.20000005, w: 0.87177986}
  - {x: -0.19999999, y: 0.6, z: 0.20000005, w: 0.663325}
  - {x: 0.20000005, y: 0.6, z: 0.20000005, w: 0.663325}
  - {x: 0.6, y: 0.6, z: 0.20000005, w: 0.87177986}
  - {x: 1, y: 0.6, z: 0.20000005, w: 1.183216}
  - {x: -1, y: 0.6, z: 0.6, w: 1.3114877}
  - {x: -0.6, y: 0.6, z: 0.6, w: 1.0392306}
  - {x: -0.19999999, y: 0.6, z: 0.6, w: 0.8717798}
  - {x: 0.20000005, y: 0.6, z: 0.6, w: 0.87177986}
  - {x: 0.6, y: 0.6, z: 0.6, w: 1.0392306}
  - {x: 1, y: 0.6, z: 0.6, w: 1.3114877}
  - {x: -1, y: 0.6, z: 1, w: 1.5362291}
  - {x: -0.6, y: 0.6, z: 1, w: 1.3114877}
  - {x: -0.19999999, y: 0.6, z: 1, w: 1.183216}
  - {x: 0.20000005, y: 0.6, z: 1, w: 1.183216}
  - {x: 0.6, y: 0.6, z: 1, w: 1.3114877}
  - {x: 1, y: 0.6, z: 1, w: 1.5362291}
  - {x: -1, y: 1, z: -1, w: 1.7320508}
  - {x: -0.6, y: 1, z: -1, w: 1.5362291}
  - {x: -0.19999999, y: 1, z: -1, w: 1.4282857}
  - {x: 0.20000005, y: 1, z: -1, w: 1.4282857}
  - {x: 0.6, y: 1, z: -1, w: 1.5362291}
  - {x: 1, y: 1, z: -1, w: 1.7320508}
  - {x: -1, y: 1, z: -0.6, w: 1.5362291}
  - {x: -0.6, y: 1, z: -0.6, w: 1.3114877}
  - {x: -0.19999999, y: 1, z: -0.6, w: 1.183216}
  - {x: 0.20000005, y: 1, z: -0.6, w: 1.183216}
  - {x: 0.6, y: 1, z: -0.6, w: 1.3114877}
  - {x: 1, y: 1, z: -0.6, w: 1.5362291}
  - {x: -1, y: 1, z: -0.19999999, w: 1.4282857}
  - {x: -0.6, y: 1, z: -0.19999999, w: 1.183216}
  - {x: -0.19999999, y: 1, z: -0.19999999, w: 1.0392305}
  - {x: 0.20000005, y: 1, z: -0.19999999, w: 1.0392305}
  - {x: 0.6, y: 1, z: -0.19999999, w: 1.183216}
  - {x: 1, y: 1, z: -0.19999999, w: 1.4282857}
  - {x: -1, y: 1, z: 0.20000005, w: 1.4282857}
  - {x: -0.6, y: 1, z: 0.20000005, w: 1.183216}
  - {x: -0.19999999, y: 1, z: 0.20000005, w: 1.0392305}
  - {x: 0.20000005, y: 1, z: 0.20000005, w: 1.0392305}
  - {x: 0.6, y: 1, z: 0.20000005, w: 1.183216}
  - {x: 1, y: 1, z: 0.20000005, w: 1.4282857}
  - {x: -1, y: 1, z: 0.6, w: 1.5362291}
  - {x: -0.6, y: 1, z: 0.6, w: 1.3114877}
  - {x: -0.19999999, y: 1, z: 0.6, w: 1.183216}
  - {x: 0.20000005, y: 1, z: 0.6, w: 1.183216}
  - {x: 0.6, y: 1, z: 0.6, w: 1.3114877}
  - {x: 1, y: 1, z: 0.6, w: 1.5362291}
  - {x: -1, y: 1, z: 1, w: 1.7320508}
  - {x: -0.6, y: 1, z: 1, w: 1.5362291}
  - {x: -0.19999999, y: 1, z: 1, w: 1.4282857}
  - {x: 0.20000005, y: 1, z: 1, w: 1.4282857}
  - {x: 0.6, y: 1, z: 1, w: 1.5362291}
  - {x: 1, y: 1, z: 1, w: 1.7320508}
  cells:
  - corner:
    - {x: -1, y: -1, z: -1, w: 1.7320508}
    - {x: -0.6, y: -1, z: -1, w: 1.5362291}
    - {x: -1, y: -1, z: -0.6, w: 1.5362291}
    - {x: -0.6, y: -1, z: -0.6, w: 1.3114877}
    - {x: -1, y: -0.6, z: -1, w: 1.5362291}
    - {x: -0.6, y: -0.6, z: -1, w: 1.3114877}
    - {x: -1, y: -0.6, z: -0.6, w: 1.3114877}
    - {x: -0.6, y: -0.6, z: -0.6, w: 1.0392306}
  - corner:
    - {x: -0.6, y: -1, z: -1, w: 1.5362291}
    - {x: -0.19999999, y: -1, z: -1, w: 1.4282857}
    - {x: -0.6, y: -1, z: -0.6, w: 1.3114877}
    - {x: -0.19999999, y: -1, z: -0.6, w: 1.183216}
    - {x: -0.6, y: -0.6, z: -1, w: 1.3114877}
    - {x: -0.19999999, y: -0.6, z: -1, w: 1.183216}
    - {x: -0.6, y: -0.6, z: -0.6, w: 1.0392306}
    - {x: -0.19999999, y: -0.6, z: -0.6, w: 0.8717798}
  - corner:
    - {x: -0.19999999, y: -1, z: -1, w: 1.4282857}
    - {x: 0.20000005, y: -1, z: -1, w: 1.4282857}
    - {x: -0.19999999, y: -1, z: -0.6, w: 1.183216}
    - {x: 0.20000005, y: -1, z: -0.6, w: 1.183216}
    - {x: -0.19999999, y: -0.6, z: -1, w: 1.183216}
    - {x: 0.20000005, y: -0.6, z: -1, w: 1.183216}
    - {x: -0.19999999, y: -0.6, z: -0.6, w: 0.8717798}
    - {x: 0.20000005, y: -0.6, z: -0.6, w: 0.87177986}
  - corner:
    - {x: 0.20000005, y: -1, z: -1, w: 1.4282857}
    - {x: 0.6, y: -1, z: -1, w: 1.5362291}
    - {x: 0.20000005, y: -1, z: -0.6, w: 1.183216}
    - {x: 0.6, y: -1, z: -0.6, w: 1.3114877}
    - {x: 0.20000005, y: -0.6, z: -1, w: 1.183216}
    - {x: 0.6, y: -0.6, z: -1, w: 1.3114877}
    - {x: 0.20000005, y: -0.6, z: -0.6, w: 0.87177986}
    - {x: 0.6, y: -0.6, z: -0.6, w: 1.0392306}
  - corner:
    - {x: 0.6, y: -1, z: -1, w: 1.5362291}
    - {x: 1, y: -1, z: -1, w: 1.7320508}
    - {x: 0.6, y: -1, z: -0.6, w: 1.3114877}
    - {x: 1, y: -1, z: -0.6, w: 1.5362291}
    - {x: 0.6, y: -0.6, z: -1, w: 1.3114877}
    - {x: 1, y: -0.6, z: -1, w: 1.5362291}
    - {x: 0.6, y: -0.6, z: -0.6, w: 1.0392306}
    - {x: 1, y: -0.6, z: -0.6, w: 1.3114877}
  - corner:
    - {x: -1, y: -1, z: -0.6, w: 1.5362291}
    - {x: -0.6, y: -1, z: -0.6, w: 1.3114877}
    - {x: -1, y: -1, z: -0.19999999, w: 1.4282857}
    - {x: -0.6, y: -1, z: -0.19999999, w: 1.183216}
    - {x: -1, y: -0.6, z: -0.6, w: 1.3114877}
    - {x: -0.6, y: -0.6, z: -0.6, w: 1.0392306}
    - {x: -1, y: -0.6, z: -0.19999999, w: 1.183216}
    - {x: -0.6, y: -0.6, z: -0.19999999, w: 0.8717798}
  - corner:
    - {x: -0.6, y: -1, z: -0.6, w: 1.3114877}
    - {x: -0.19999999, y: -1, z: -0.6, w: 1.183216}
    - {x: -0.6, y: -1, z: -0.19999999, w: 1.183216}
    - {x: -0.19999999, y: -1, z: -0.19999999, w: 1.0392305}
    - {x: -0.6, y: -0.6, z: -0.6, w: 1.0392306}
    - {x: -0.19999999, y: -0.6, z: -0.6, w: 0.8717798}
    - {x: -0.6, y: -0.6, z: -0.19999999, w: 0.8717798}
    - {x: -0.19999999, y: -0.6, z: -0.19999999, w: 0.66332495}
  - corner:
    - {x: -0.19999999, y: -1, z: -0.6, w: 1.183216}
    - {x: 0.20000005, y: -1, z: -0.6, w: 1.183216}
    - {x: -0.19999999, y: -1, z: -0.19999999, w: 1.0392305}
    - {x: 0.20000005, y: -1, z: -0.19999999, w: 1.0392305}
    - {x: -0.19999999, y: -0.6, z: -0.6, w: 0.8717798}
    - {x: 0.20000005, y: -0.6, z: -0.6, w: 0.87177986}
    - {x: -0.19999999, y: -0.6, z: -0.19999999, w: 0.66332495}
    - {x: 0.20000005, y: -0.6, z: -0.19999999, w: 0.663325}
  - corner:
    - {x: 0.20000005, y: -1, z: -0.6, w: 1.183216}
    - {x: 0.6, y: -1, z: -0.6, w: 1.3114877}
    - {x: 0.20000005, y: -1, z: -0.19999999, w: 1.0392305}
    - {x: 0.6, y: -1, z: -0.19999999, w: 1.183216}
    - {x: 0.20000005, y: -0.6, z: -0.6, w: 0.87177986}
    - {x: 0.6, y: -0.6, z: -0.6, w: 1.0392306}
    - {x: 0.20000005, y: -0.6, z: -0.19999999, w: 0.663325}
    - {x: 0.6, y: -0.6, z: -0.19999999, w: 0.8717798}
  - corner:
    - {x: 0.6, y: -1, z: -0.6, w: 1.3114877}
    - {x: 1, y: -1, z: -0.6, w: 1.5362291}
    - {x: 0.6, y: -1, z: -0.19999999, w: 1.183216}
    - {x: 1, y: -1, z: -0.19999999, w: 1.4282857}
    - {x: 0.6, y: -0.6, z: -0.6, w: 1.0392306}
    - {x: 1, y: -0.6, z: -0.6, w: 1.3114877}
    - {x: 0.6, y: -0.6, z: -0.19999999, w: 0.8717798}
    - {x: 1, y: -0.6, z: -0.19999999, w: 1.183216}
  - corner:
    - {x: -1, y: -1, z: -0.19999999, w: 1.4282857}
    - {x: -0.6, y: -1, z: -0.19999999, w: 1.183216}
    - {x: -1, y: -1, z: 0.20000005, w: 1.4282857}
    - {x: -0.6, y: -1, z: 0.20000005, w: 1.183216}
    - {x: -1, y: -0.6, z: -0.19999999, w: 1.183216}
    - {x: -0.6, y: -0.6, z: -0.19999999, w: 0.8717798}
    - {x: -1, y: -0.6, z: 0.20000005, w: 1.183216}
    - {x: -0.6, y: -0.6, z: 0.20000005, w: 0.87177986}
  - corner:
    - {x: -0.6, y: -1, z: -0.19999999, w: 1.183216}
    - {x: -0.19999999, y: -1, z: -0.19999999, w: 1.0392305}
    - {x: -0.6, y: -1, z: 0.20000005, w: 1.183216}
    - {x: -0.19999999, y: -1, z: 0.20000005, w: 1.0392305}
    - {x: -0.6, y: -0.6, z: -0.19999999, w: 0.8717798}
    - {x: -0.19999999, y: -0.6, z: -0.19999999, w: 0.66332495}
    - {x: -0.6, y: -0.6, z: 0.20000005, w: 0.87177986}
    - {x: -0.19999999, y: -0.6, z: 0.20000005, w: 0.663325}
  - corner:
    - {x: -0.19999999, y: -1, z: -0.19999999, w: 1.0392305}
    - {x: 0.20000005, y: -1, z: -0.19999999, w: 1.0392305}
    - {x: -0.19999999, y: -1, z: 0.20000005, w: 1.0392305}
    - {x: 0.20000005, y: -1, z: 0.20000005, w: 1.0392305}
    - {x: -0.19999999, y: -0.6, z: -0.19999999, w: 0.66332495}
    - {x: 0.20000005, y: -0.6, z: -0.19999999, w: 0.663325}
    - {x: -0.19999999, y: -0.6, z: 0.20000005, w: 0.663325}
    - {x: 0.20000005, y: -0.6, z: 0.20000005, w: 0.663325}
  - corner:
    - {x: 0.20000005, y: -1, z: -0.19999999, w: 1.0392305}
    - {x: 0.6, y: -1, z: -0.19999999, w: 1.183216}
    - {x: 0.20000005, y: -1, z: 0.20000005, w: 1.0392305}
    - {x: 0.6, y: -1, z: 0.20000005, w: 1.183216}
    - {x: 0.20000005, y: -0.6, z: -0.19999999, w: 0.663325}
    - {x: 0.6, y: -0.6, z: -0.19999999, w: 0.8717798}
    - {x: 0.20000005, y: -0.6, z: 0.20000005, w: 0.663325}
    - {x: 0.6, y: -0.6, z: 0.20000005, w: 0.87177986}
  - corner:
    - {x: 0.6, y: -1, z: -0.19999999, w: 1.183216}
    - {x: 1, y: -1, z: -0.19999999, w: 1.4282857}
    - {x: 0.6, y: -1, z: 0.20000005, w: 1.183216}
    - {x: 1, y: -1, z: 0.20000005, w: 1.4282857}
    - {x: 0.6, y: -0.6, z: -0.19999999, w: 0.8717798}
    - {x: 1, y: -0.6, z: -0.19999999, w: 1.183216}
    - {x: 0.6, y: -0.6, z: 0.20000005, w: 0.87177986}
    - {x: 1, y: -0.6, z: 0.20000005, w: 1.183216}
  - corner:
    - {x: -1, y: -1, z: 0.20000005, w: 1.4282857}
    - {x: -0.6, y: -1, z: 0.20000005, w: 1.183216}
    - {x: -1, y: -1, z: 0.6, w: 1.5362291}
    - {x: -0.6, y: -1, z: 0.6, w: 1.3114877}
    - {x: -1, y: -0.6, z: 0.20000005, w: 1.183216}
    - {x: -0.6, y: -0.6, z: 0.20000005, w: 0.87177986}
    - {x: -1, y: -0.6, z: 0.6, w: 1.3114877}
    - {x: -0.6, y: -0.6, z: 0.6, w: 1.0392306}
  - corner:
    - {x: -0.6, y: -1, z: 0.20000005, w: 1.183216}
    - {x: -0.19999999, y: -1, z: 0.20000005, w: 1.0392305}
    - {x: -0.6, y: -1, z: 0.6, w: 1.3114877}
    - {x: -0.19999999, y: -1, z: 0.6, w: 1.183216}
    - {x: -0.6, y: -0.6, z: 0.20000005, w: 0.87177986}
    - {x: -0.19999999, y: -0.6, z: 0.20000005, w: 0.663325}
    - {x: -0.6, y: -0.6, z: 0.6, w: 1.0392306}
    - {x: -0.19999999, y: -0.6, z: 0.6, w: 0.8717798}
  - corner:
    - {x: -0.19999999, y: -1, z: 0.20000005, w: 1.0392305}
    - {x: 0.20000005, y: -1, z: 0.20000005, w: 1.0392305}
    - {x: -0.19999999, y: -1, z: 0.6, w: 1.183216}
    - {x: 0.20000005, y: -1, z: 0.6, w: 1.183216}
    - {x: -0.19999999, y: -0.6, z: 0.20000005, w: 0.663325}
    - {x: 0.20000005, y: -0.6, z: 0.20000005, w: 0.663325}
    - {x: -0.19999999, y: -0.6, z: 0.6, w: 0.8717798}
    - {x: 0.20000005, y: -0.6, z: 0.6, w: 0.87177986}
  - corner:
    - {x: 0.20000005, y: -1, z: 0.20000005, w: 1.0392305}
    - {x: 0.6, y: -1, z: 0.20000005, w: 1.183216}
    - {x: 0.20000005, y: -1, z: 0.6, w: 1.183216}
    - {x: 0.6, y: -1, z: 0.6, w: 1.3114877}
    - {x: 0.20000005, y: -0.6, z: 0.20000005, w: 0.663325}
    - {x: 0.6, y: -0.6, z: 0.20000005, w: 0.87177986}
    - {x: 0.20000005, y: -0.6, z: 0.6, w: 0.87177986}
    - {x: 0.6, y: -0.6, z: 0.6, w: 1.0392306}
  - corner:
    - {x: 0.6, y: -1, z: 0.20000005, w: 1.183216}
    - {x: 1, y: -1, z: 0.20000005, w: 1.4282857}
    - {x: 0.6, y: -1, z: 0.6, w: 1.3114877}
    - {x: 1, y: -1, z: 0.6, w: 1.5362291}
    - {x: 0.6, y: -0.6, z: 0.20000005, w: 0.87177986}
    - {x: 1, y: -0.6, z: 0.20000005, w: 1.183216}
    - {x: 0.6, y: -0.6, z: 0.6, w: 1.0392306}
    - {x: 1, y: -0.6, z: 0.6, w: 1.3114877}
  - corner:
    - {x: -1, y: -1, z: 0.6, w: 1.5362291}
    - {x: -0.6, y: -1, z: 0.6, w: 1.3114877}
    - {x: -1, y: -1, z: 1, w: 1.7320508}
    - {x: -0.6, y: -1, z: 1, w: 1.5362291}
    - {x: -1, y: -0.6, z: 0.6, w: 1.3114877}
    - {x: -0.6, y: -0.6, z: 0.6, w: 1.0392306}
    - {x: -1, y: -0.6, z: 1, w: 1.5362291}
    - {x: -0.6, y: -0.6, z: 1, w: 1.3114877}
  - corner:
    - {x: -0.6, y: -1, z: 0.6, w: 1.3114877}
    - {x: -0.19999999, y: -1, z: 0.6, w: 1.183216}
    - {x: -0.6, y: -1, z: 1, w: 1.5362291}
    - {x: -0.19999999, y: -1, z: 1, w: 1.4282857}
    - {x: -0.6, y: -0.6, z: 0.6, w: 1.0392306}
    - {x: -0.19999999, y: -0.6, z: 0.6, w: 0.8717798}
    - {x: -0.6, y: -0.6, z: 1, w: 1.3114877}
    - {x: -0.19999999, y: -0.6, z: 1, w: 1.183216}
  - corner:
    - {x: -0.19999999, y: -1, z: 0.6, w: 1.183216}
    - {x: 0.20000005, y: -1, z: 0.6, w: 1.183216}
    - {x: -0.19999999, y: -1, z: 1, w: 1.4282857}
    - {x: 0.20000005, y: -1, z: 1, w: 1.4282857}
    - {x: -0.19999999, y: -0.6, z: 0.6, w: 0.8717798}
    - {x: 0.20000005, y: -0.6, z: 0.6, w: 0.87177986}
    - {x: -0.19999999, y: -0.6, z: 1, w: 1.183216}
    - {x: 0.20000005, y: -0.6, z: 1, w: 1.183216}
  - corner:
    - {x: 0.20000005, y: -1, z: 0.6, w: 1.183216}
    - {x: 0.6, y: -1, z: 0.6, w: 1.3114877}
    - {x: 0.20000005, y: -1, z: 1, w: 1.4282857}
    - {x: 0.6, y: -1, z: 1, w: 1.5362291}
    - {x: 0.20000005, y: -0.6, z: 0.6, w: 0.87177986}
    - {x: 0.6, y: -0.6, z: 0.6, w: 1.0392306}
    - {x: 0.20000005, y: -0.6, z: 1, w: 1.183216}
    - {x: 0.6, y: -0.6, z: 1, w: 1.3114877}
  - corner:
    - {x: 0.6, y: -1, z: 0.6, w: 1.3114877}
    - {x: 1, y: -1, z: 0.6, w: 1.5362291}
    - {x: 0.6, y: -1, z: 1, w: 1.5362291}
    - {x: 1, y: -1, z: 1, w: 1.7320508}
    - {x: 0.6, y: -0.6, z: 0.6, w: 1.0392306}
    - {x: 1, y: -0.6, z: 0.6, w: 1.3114877}
    - {x: 0.6, y: -0.6, z: 1, w: 1.3114877}
    - {x: 1, y: -0.6, z: 1, w: 1.5362291}
  - corner:
    - {x: -1, y: -0.6, z: -1, w: 1.5362291}
    - {x: -0.6, y: -0.6, z: -1, w: 1.3114877}
    - {x: -1, y: -0.6, z: -0.6, w: 1.3114877}
    - {x: -0.6, y: -0.6, z: -0.6, w: 1.0392306}
    - {x: -1, y: -0.19999999, z: -1, w: 1.4282857}
    - {x: -0.6, y: -0.19999999, z: -1, w: 1.183216}
    - {x: -1, y: -0.19999999, z: -0.6, w: 1.183216}
    - {x: -0.6, y: -0.19999999, z: -0.6, w: 0.8717798}
  - corner:
    - {x: -0.6, y: -0.6, z: -1, w: 1.3114877}
    - {x: -0.19999999, y: -0.6, z: -1, w: 1.183216}
    - {x: -0.6, y: -0.6, z: -0.6, w: 1.0392306}
    - {x: -0.19999999, y: -0.6, z: -0.6, w: 0.8717798}
    - {x: -0.6, y: -0.19999999, z: -1, w: 1.183216}
    - {x: -0.19999999, y: -0.19999999, z: -1, w: 1.0392305}
    - {x: -0.6, y: -0.19999999, z: -0.6, w: 0.8717798}
    - {x: -0.19999999, y: -0.19999999, z: -0.6, w: 0.66332495}
  - corner:
    - {x: -0.19999999, y: -0.6, z: -1, w: 1.183216}
    - {x: 0.20000005, y: -0.6, z: -1, w: 1.183216}
    - {x: -0.19999999, y: -0.6, z: -0.6, w: 0.8717798}
    - {x: 0.20000005, y: -0.6, z: -0.6, w: 0.87177986}
    - {x: -0.19999999, y: -0.19999999, z: -1, w: 1.0392305}
    - {x: 0.20000005, y: -0.19999999, z: -1, w: 1.0392305}
    - {x: -0.19999999, y: -0.19999999, z: -0.6, w: 0.66332495}
    - {x: 0.20000005, y: -0.19999999, z: -0.6, w: 0.663325}
  - corner:
    - {x: 0.20000005, y: -0.6, z: -1, w: 1.183216}
    - {x: 0.6, y: -0.6, z: -1, w: 1.3114877}
    - {x: 0.20000005, y: -0.6, z: -0.6, w: 0.87177986}
    - {x: 0.6, y: -0.6, z: -0.6, w: 1.0392306}
    - {x: 0.20000005, y: -0.19999999, z: -1, w: 1.0392305}
    - {x: 0.6, y: -0.19999999, z: -1, w: 1.183216}
    - {x: 0.20000005, y: -0.19999999, z: -0.6, w: 0.663325}
    - {x: 0.6, y: -0.19999999, z: -0.6, w: 0.8717798}
  - corner:
    - {x: 0.6, y: -0.6, z: -1, w: 1.3114877}
    - {x: 1, y: -0.6, z: -1, w: 1.5362291}
    - {x: 0.6, y: -0.6, z: -0.6, w: 1.0392306}
    - {x: 1, y: -0.6, z: -0.6, w: 1.3114877}
    - {x: 0.6, y: -0.19999999, z: -1, w: 1.183216}
    - {x: 1, y: -0.19999999, z: -1, w: 1.4282857}
    - {x: 0.6, y: -0.19999999, z: -0.6, w: 0.8717798}
    - {x: 1, y: -0.19999999, z: -0.6, w: 1.183216}
  - corner:
    - {x: -1, y: -0.6, z: -0.6, w: 1.3114877}
    - {x: -0.6, y: -0.6, z: -0.6, w: 1.0392306}
    - {x: -1, y: -0.6, z: -0.19999999, w: 1.183216}
    - {x: -0.6, y: -0.6, z: -0.19999999, w: 0.8717798}
    - {x: -1, y: -0.19999999, z: -0.6, w: 1.183216}
    - {x: -0.6, y: -0.19999999, z: -0.6, w: 0.8717798}
    - {x: -1, y: -0.19999999, z: -0.19999999, w: 1.0392305}
    - {x: -0.6, y: -0.19999999, z: -0.19999999, w: 0.66332495}
  - corner:
    - {x: -0.6, y: -0.6, z: -0.6, w: 1.0392306}
    - {x: -0.19999999, y: -0.6, z: -0.6, w: 0.8717798}
    - {x: -0.6, y: -0.6, z: -0.19999999, w: 0.8717798}
    - {x: -0.19999999, y: -0.6, z: -0.19999999, w: 0.66332495}
    - {x: -0.6, y: -0.19999999, z: -0.6, w: 0.8717798}
    - {x: -0.19999999, y: -0.19999999, z: -0.6, w: 0.66332495}
    - {x: -0.6, y: -0.19999999, z: -0.19999999, w: 0.66332495}
    - {x: -0.19999999, y: -0.19999999, z: -0.19999999, w: 0.34641016}
  - corner:
    - {x: -0.19999999, y: -0.6, z: -0.6, w: 0.8717798}
    - {x: 0.20000005, y: -0.6, z: -0.6, w: 0.87177986}
    - {x: -0.19999999, y: -0.6, z: -0.19999999, w: 0.66332495}
    - {x: 0.20000005, y: -0.6, z: -0.19999999, w: 0.663325}
    - {x: -0.19999999, y: -0.19999999, z: -0.6, w: 0.66332495}
    - {x: 0.20000005, y: -0.19999999, z: -0.6, w: 0.663325}
    - {x: -0.19999999, y: -0.19999999, z: -0.19999999, w: 0.34641016}
    - {x: 0.20000005, y: -0.19999999, z: -0.19999999, w: 0.34641019}
  - corner:
    - {x: 0.20000005, y: -0.6, z: -0.6, w: 0.87177986}
    - {x: 0.6, y: -0.6, z: -0.6, w: 1.0392306}
    - {x: 0.20000005, y: -0.6, z: -0.19999999, w: 0.663325}
    - {x: 0.6, y: -0.6, z: -0.19999999, w: 0.8717798}
    - {x: 0.20000005, y: -0.19999999, z: -0.6, w: 0.663325}
    - {x: 0.6, y: -0.19999999, z: -0.6, w: 0.8717798}
    - {x: 0.20000005, y: -0.19999999, z: -0.19999999, w: 0.34641019}
    - {x: 0.6, y: -0.19999999, z: -0.19999999, w: 0.66332495}
  - corner:
    - {x: 0.6, y: -0.6, z: -0.6, w: 1.0392306}
    - {x: 1, y: -0.6, z: -0.6, w: 1.3114877}
    - {x: 0.6, y: -0.6, z: -0.19999999, w: 0.8717798}
    - {x: 1, y: -0.6, z: -0.19999999, w: 1.183216}
    - {x: 0.6, y: -0.19999999, z: -0.6, w: 0.8717798}
    - {x: 1, y: -0.19999999, z: -0.6, w: 1.183216}
    - {x: 0.6, y: -0.19999999, z: -0.19999999, w: 0.66332495}
    - {x: 1, y: -0.19999999, z: -0.19999999, w: 1.0392305}
  - corner:
    - {x: -1, y: -0.6, z: -0.19999999, w: 1.183216}
    - {x: -0.6, y: -0.6, z: -0.19999999, w: 0.8717798}
    - {x: -1, y: -0.6, z: 0.20000005, w: 1.183216}
    - {x: -0.6, y: -0.6, z: 0.20000005, w: 0.87177986}
    - {x: -1, y: -0.19999999, z: -0.19999999, w: 1.0392305}
    - {x: -0.6, y: -0.19999999, z: -0.19999999, w: 0.66332495}
    - {x: -1, y: -0.19999999, z: 0.20000005, w: 1.0392305}
    - {x: -0.6, y: -0.19999999, z: 0.20000005, w: 0.663325}
  - corner:
    - {x: -0.6, y: -0.6, z: -0.19999999, w: 0.8717798}
    - {x: -0.19999999, y: -0.6, z: -0.19999999, w: 0.66332495}
    - {x: -0.6, y: -0.6, z: 0.20000005, w: 0.87177986}
    - {x: -0.19999999, y: -0.6, z: 0.20000005, w: 0.663325}
    - {x: -0.6, y: -0.19999999, z: -0.19999999, w: 0.66332495}
    - {x: -0.19999999, y: -0.19999999, z: -0.19999999, w: 0.34641016}
    - {x: -0.6, y: -0.19999999, z: 0.20000005, w: 0.663325}
    - {x: -0.19999999, y: -0.19999999, z: 0.20000005, w: 0.34641019}
  - corner:
    - {x: -0.19999999, y: -0.6, z: -0.19999999, w: 0.66332495}
    - {x: 0.20000005, y: -0.6, z: -0.19999999, w: 0.663325}
    - {x: -0.19999999, y: -0.6, z: 0.20000005, w: 0.663325}
    - {x: 0.20000005, y: -0.6, z: 0.20000005, w: 0.663325}
    - {x: -0.19999999, y: -0.19999999, z: -0.19999999, w: 0.34641016}
    - {x: 0.20000005, y: -0.19999999, z: -0.19999999, w: 0.34641019}
    - {x: -0.19999999, y: -0.19999999, z: 0.20000005, w: 0.34641019}
    - {x: 0.20000005, y: -0.19999999, z: 0.20000005, w: 0.3464102}
  - corner:
    - {x: 0.20000005, y: -0.6, z: -0.19999999, w: 0.663325}
    - {x: 0.6, y: -0.6, z: -0.19999999, w: 0.8717798}
    - {x: 0.20000005, y: -0.6, z: 0.20000005, w: 0.663325}
    - {x: 0.6, y: -0.6, z: 0.20000005, w: 0.87177986}
    - {x: 0.20000005, y: -0.19999999, z: -0.19999999, w: 0.34641019}
    - {x: 0.6, y: -0.19999999, z: -0.19999999, w: 0.66332495}
    - {x: 0.20000005, y: -0.19999999, z: 0.20000005, w: 0.3464102}
    - {x: 0.6, y: -0.19999999, z: 0.20000005, w: 0.663325}
  - corner:
    - {x: 0.6, y: -0.6, z: -0.19999999, w: 0.8717798}
    - {x: 1, y: -0.6, z: -0.19999999, w: 1.183216}
    - {x: 0.6, y: -0.6, z: 0.20000005, w: 0.87177986}
    - {x: 1, y: -0.6, z: 0.20000005, w: 1.183216}
    - {x: 0.6, y: -0.19999999, z: -0.19999999, w: 0.66332495}
    - {x: 1, y: -0.19999999, z: -0.19999999, w: 1.0392305}
    - {x: 0.6, y: -0.19999999, z: 0.20000005, w: 0.663325}
    - {x: 1, y: -0.19999999, z: 0.20000005, w: 1.0392305}
  - corner:
    - {x: -1, y: -0.6, z: 0.20000005, w: 1.183216}
    - {x: -0.6, y: -0.6, z: 0.20000005, w: 0.87177986}
    - {x: -1, y: -0.6, z: 0.6, w: 1.3114877}
    - {x: -0.6, y: -0.6, z: 0.6, w: 1.0392306}
    - {x: -1, y: -0.19999999, z: 0.20000005, w: 1.0392305}
    - {x: -0.6, y: -0.19999999, z: 0.20000005, w: 0.663325}
    - {x: -1, y: -0.19999999, z: 0.6, w: 1.183216}
    - {x: -0.6, y: -0.19999999, z: 0.6, w: 0.8717798}
  - corner:
    - {x: -0.6, y: -0.6, z: 0.20000005, w: 0.87177986}
    - {x: -0.19999999, y: -0.6, z: 0.20000005, w: 0.663325}
    - {x: -0.6, y: -0.6, z: 0.6, w: 1.0392306}
    - {x: -0.19999999, y: -0.6, z: 0.6, w: 0.8717798}
    - {x: -0.6, y: -0.19999999, z: 0.20000005, w: 0.663325}
    - {x: -0.19999999, y: -0.19999999, z: 0.20000005, w: 0.34641019}
    - {x: -0.6, y: -0.19999999, z: 0.6, w: 0.8717798}
    - {x: -0.19999999, y: -0.19999999, z: 0.6, w: 0.66332495}
  - corner:
    - {x: -0.19999999, y: -0.6, z: 0.20000005, w: 0.663325}
    - {x: 0.20000005, y: -0.6, z: 0.20000005, w: 0.663325}
    - {x: -0.19999999, y: -0.6, z: 0.6, w: 0.8717798}
    - {x: 0.20000005, y: -0.6, z: 0.6, w: 0.87177986}
    - {x: -0.19999999, y: -0.19999999, z: 0.20000005, w: 0.34641019}
    - {x: 0.20000005, y: -0.19999999, z: 0.20000005, w: 0.3464102}
    - {x: -0.19999999, y: -0.19999999, z: 0.6, w: 0.66332495}
    - {x: 0.20000005, y: -0.19999999, z: 0.6, w: 0.663325}
  - corner:
    - {x: 0.20000005, y: -0.6, z: 0.20000005, w: 0.663325}
    - {x: 0.6, y: -0.6, z: 0.20000005, w: 0.87177986}
    - {x: 0.20000005, y: -0.6, z: 0.6, w: 0.87177986}
    - {x: 0.6, y: -0.6, z: 0.6, w: 1.0392306}
    - {x: 0.20000005, y: -0.19999999, z: 0.20000005, w: 0.3464102}
    - {x: 0.6, y: -0.19999999, z: 0.20000005, w: 0.663325}
    - {x: 0.20000005, y: -0.19999999, z: 0.6, w: 0.663325}
    - {x: 0.6, y: -0.19999999, z: 0.6, w: 0.8717798}
  - corner:
    - {x: 0.6, y: -0.6, z: 0.20000005, w: 0.87177986}
    - {x: 1, y: -0.6, z: 0.20000005, w: 1.183216}
    - {x: 0.6, y: -0.6, z: 0.6, w: 1.0392306}
    - {x: 1, y: -0.6, z: 0.6, w: 1.3114877}
    - {x: 0.6, y: -0.19999999, z: 0.20000005, w: 0.663325}
    - {x: 1, y: -0.19999999, z: 0.20000005, w: 1.0392305}
    - {x: 0.6, y: -0.19999999, z: 0.6, w: 0.8717798}
    - {x: 1, y: -0.19999999, z: 0.6, w: 1.183216}
  - corner:
    - {x: -1, y: -0.6, z: 0.6, w: 1.3114877}
    - {x: -0.6, y: -0.6, z: 0.6, w: 1.0392306}
    - {x: -1, y: -0.6, z: 1, w: 1.5362291}
    - {x: -0.6, y: -0.6, z: 1, w: 1.3114877}
    - {x: -1, y: -0.19999999, z: 0.6, w: 1.183216}
    - {x: -0.6, y: -0.19999999, z: 0.6, w: 0.8717798}
    - {x: -1, y: -0.19999999, z: 1, w: 1.4282857}
    - {x: -0.6, y: -0.19999999, z: 1, w: 1.183216}
  - corner:
    - {x: -0.6, y: -0.6, z: 0.6, w: 1.0392306}
    - {x: -0.19999999, y: -0.6, z: 0.6, w: 0.8717798}
    - {x: -0.6, y: -0.6, z: 1, w: 1.3114877}
    - {x: -0.19999999, y: -0.6, z: 1, w: 1.183216}
    - {x: -0.6, y: -0.19999999, z: 0.6, w: 0.8717798}
    - {x: -0.19999999, y: -0.19999999, z: 0.6, w: 0.66332495}
    - {x: -0.6, y: -0.19999999, z: 1, w: 1.183216}
    - {x: -0.19999999, y: -0.19999999, z: 1, w: 1.0392305}
  - corner:
    - {x: -0.19999999, y: -0.6, z: 0.6, w: 0.8717798}
    - {x: 0.20000005, y: -0.6, z: 0.6, w: 0.87177986}
    - {x: -0.19999999, y: -0.6, z: 1, w: 1.183216}
    - {x: 0.20000005, y: -0.6, z: 1, w: 1.183216}
    - {x: -0.19999999, y: -0.19999999, z: 0.6, w: 0.66332495}
    - {x: 0.20000005, y: -0.19999999, z: 0.6, w: 0.663325}
    - {x: -0.19999999, y: -0.19999999, z: 1, w: 1.0392305}
    - {x: 0.20000005, y: -0.19999999, z: 1, w: 1.0392305}
  - corner:
    - {x: 0.20000005, y: -0.6, z: 0.6, w: 0.87177986}
    - {x: 0.6, y: -0.6, z: 0.6, w: 1.0392306}
    - {x: 0.20000005, y: -0.6, z: 1, w: 1.183216}
    - {x: 0.6, y: -0.6, z: 1, w: 1.3114877}
    - {x: 0.20000005, y: -0.19999999, z: 0.6, w: 0.663325}
    - {x: 0.6, y: -0.19999999, z: 0.6, w: 0.8717798}
    - {x: 0.20000005, y: -0.19999999, z: 1, w: 1.0392305}
    - {x: 0.6, y: -0.19999999, z: 1, w: 1.183216}
  - corner:
    - {x: 0.6, y: -0.6, z: 0.6, w: 1.0392306}
    - {x: 1, y: -0.6, z: 0.6, w: 1.3114877}
    - {x: 0.6, y: -0.6, z: 1, w: 1.3114877}
    - {x: 1, y: -0.6, z: 1, w: 1.5362291}
    - {x: 0.6, y: -0.19999999, z: 0.6, w: 0.8717798}
    - {x: 1, y: -0.19999999, z: 0.6, w: 1.183216}
    - {x: 0.6, y: -0.19999999, z: 1, w: 1.183216}
    - {x: 1, y: -0.19999999, z: 1, w: 1.4282857}
  - corner:
    - {x: -1, y: -0.19999999, z: -1, w: 1.4282857}
    - {x: -0.6, y: -0.19999999, z: -1, w: 1.183216}
    - {x: -1, y: -0.19999999, z: -0.6, w: 1.183216}
    - {x: -0.6, y: -0.19999999, z: -0.6, w: 0.8717798}
    - {x: -1, y: 0.20000005, z: -1, w: 1.4282857}
    - {x: -0.6, y: 0.20000005, z: -1, w: 1.183216}
    - {x: -1, y: 0.20000005, z: -0.6, w: 1.183216}
    - {x: -0.6, y: 0.20000005, z: -0.6, w: 0.87177986}
  - corner:
    - {x: -0.6, y: -0.19999999, z: -1, w: 1.183216}
    - {x: -0.19999999, y: -0.19999999, z: -1, w: 1.0392305}
    - {x: -0.6, y: -0.19999999, z: -0.6, w: 0.8717798}
    - {x: -0.19999999, y: -0.19999999, z: -0.6, w: 0.66332495}
    - {x: -0.6, y: 0.20000005, z: -1, w: 1.183216}
    - {x: -0.19999999, y: 0.20000005, z: -1, w: 1.0392305}
    - {x: -0.6, y: 0.20000005, z: -0.6, w: 0.87177986}
    - {x: -0.19999999, y: 0.20000005, z: -0.6, w: 0.663325}
  - corner:
    - {x: -0.19999999, y: -0.19999999, z: -1, w: 1.0392305}
    - {x: 0.20000005, y: -0.19999999, z: -1, w: 1.0392305}
    - {x: -0.19999999, y: -0.19999999, z: -0.6, w: 0.66332495}
    - {x: 0.20000005, y: -0.19999999, z: -0.6, w: 0.663325}
    - {x: -0.19999999, y: 0.20000005, z: -1, w: 1.0392305}
    - {x: 0.20000005, y: 0.20000005, z: -1, w: 1.0392305}
    - {x: -0.19999999, y: 0.20000005, z: -0.6, w: 0.663325}
    - {x: 0.20000005, y: 0.20000005, z: -0.6, w: 0.663325}
  - corner:
    - {x: 0.20000005, y: -0.19999999, z: -1, w: 1.0392305}
    - {x: 0.6, y: -0.19999999, z: -1, w: 1.183216}
    - {x: 0.20000005, y: -0.19999999, z: -0.6, w: 0.663325}
    - {x: 0.6, y: -0.19999999, z: -0.6, w: 0.8717798}
    - {x: 0.20000005, y: 0.20000005, z: -1, w: 1.0392305}
    - {x: 0.6, y: 0.20000005, z: -1, w: 1.183216}
    - {x: 0.20000005, y: 0.20000005, z: -0.6, w: 0.663325}
    - {x: 0.6, y: 0.20000005, z: -0.6, w: 0.87177986}
  - corner:
    - {x: 0.6, y: -0.19999999, z: -1, w: 1.183216}
    - {x: 1, y: -0.19999999, z: -1, w: 1.4282857}
    - {x: 0.6, y: -0.19999999, z: -0.6, w: 0.8717798}
    - {x: 1, y: -0.19999999, z: -0.6, w: 1.183216}
    - {x: 0.6, y: 0.20000005, z: -1, w: 1.183216}
    - {x: 1, y: 0.20000005, z: -1, w: 1.4282857}
    - {x: 0.6, y: 0.20000005, z: -0.6, w: 0.87177986}
    - {x: 1, y: 0.20000005, z: -0.6, w: 1.183216}
  - corner:
    - {x: -1, y: -0.19999999, z: -0.6, w: 1.183216}
    - {x: -0.6, y: -0.19999999, z: -0.6, w: 0.8717798}
    - {x: -1, y: -0.19999999, z: -0.19999999, w: 1.0392305}
    - {x: -0.6, y: -0.19999999, z: -0.19999999, w: 0.66332495}
    - {x: -1, y: 0.20000005, z: -0.6, w: 1.183216}
